62,35
3,2
3,1
3,3
10,91
10,9
10,100
10,20
10,245
10,214
10,150
10,2
10,3
11,4
9,5
8,17
8,7
8,4
8,5
8,9
8,2
8,3
56,3
56,2
56,1
54,3
54,1
52,3
52,2
52,1
24,4
24,3
24,2
24,1
24,0
20,3
20,2
20,1
19,3
19,2
19,1
12,3
12,2
12,1
11,30
11,29
11,28
11,27
11,26
11,25
11,24
11,23
11,22
11,21
11,20
11,19
11,18
11,17
11,16
11,15
11,14
11,13
11,12
11,11
11,10
11,9
11,8
11,7
11,6
11,5
11,3
11,2
11,1
10,300
10,295
10,290
10,289
10,274
10,269
10,268
10,263
10,260
10,252
10,248
10,239
18,1
10,219
18,3
10,218
10,211
10,203
10,193
10,172
14,1
10,167
